              precision    recall  f1-score   support

           0       1.00      1.00      1.00       388
           1       1.00      0.33      0.50         6
           2       1.00      0.95      0.97        37
           3       1.00      0.97      0.98       185
           4       0.98      0.99      0.98       284
           5       0.98      0.93      0.95       482
           6       1.00      0.96      0.98        24
           7       0.99      1.00      1.00      5452
           8       0.00      0.00      0.00         0

    accuracy                           0.99      6858
   macro avg       0.88      0.79      0.82      6858
weighted avg       0.99      0.99      0.99      6858

