              precision    recall  f1-score   support

           0       1.00      0.98      0.99        50
           2       1.00      1.00      1.00         5
           3       0.96      1.00      0.98        24
           4       1.00      0.92      0.96        38
           5       0.97      0.94      0.95        63
           6       1.00      1.00      1.00         3
           7       0.99      1.00      1.00       717

    accuracy                           0.99       900
   macro avg       0.99      0.98      0.98       900
weighted avg       0.99      0.99      0.99       900

              precision    recall  f1-score   support

           0       1.00      1.00      1.00        50
           2       1.00      1.00      1.00         5
           3       1.00      0.96      0.98        24
           4       0.97      0.97      0.97        38
           5       0.98      0.97      0.98        63
           6       1.00      0.67      0.80         3
           7       0.99      1.00      1.00       717

    accuracy                           0.99       900
   macro avg       0.99      0.94      0.96       900
weighted avg       0.99      0.99      0.99       900

              precision    recall  f1-score   support

           0       0.98      1.00      0.99        50
           2       1.00      0.60      0.75         5
           3       1.00      0.96      0.98        24
           4       0.93      0.97      0.95        38
           5       0.98      0.90      0.94        63
           6       1.00      1.00      1.00         3
           7       0.99      1.00      1.00       717

    accuracy                           0.99       900
   macro avg       0.98      0.92      0.94       900
weighted avg       0.99      0.99      0.99       900

              precision    recall  f1-score   support

           0       0.98      1.00      0.99        50
           2       1.00      1.00      1.00         5
           3       1.00      0.88      0.93        24
           4       0.94      0.89      0.92        38
           5       0.95      0.87      0.91        63
           6       1.00      0.67      0.80         3
           7       0.98      1.00      0.99       717

    accuracy                           0.98       900
   macro avg       0.98      0.90      0.93       900
weighted avg       0.98      0.98      0.98       900

              precision    recall  f1-score   support

           0       1.00      1.00      1.00        50
           2       1.00      1.00      1.00         5
           3       1.00      0.92      0.96        24
           4       0.95      1.00      0.97        38
           5       0.95      0.92      0.94        63
           6       1.00      1.00      1.00         3
           7       0.99      1.00      0.99       717

    accuracy                           0.99       900
   macro avg       0.98      0.98      0.98       900
weighted avg       0.99      0.99      0.99       900

              precision    recall  f1-score   support

           0       1.00      0.94      0.97        50
           2       1.00      0.80      0.89         5
           3       1.00      0.92      0.96        24
           4       0.93      1.00      0.96        38
           5       0.95      0.92      0.94        63
           6       1.00      1.00      1.00         3
           7       0.99      1.00      0.99       717

    accuracy                           0.99       900
   macro avg       0.98      0.94      0.96       900
weighted avg       0.99      0.99      0.99       900

              precision    recall  f1-score   support

           0       0.98      1.00      0.99        50
           2       1.00      0.60      0.75         5
           3       1.00      1.00      1.00        24
           4       0.95      0.95      0.95        38
           5       0.90      0.87      0.89        63
           6       1.00      1.00      1.00         3
           7       0.99      0.99      0.99       717

    accuracy                           0.98       900
   macro avg       0.97      0.92      0.94       900
weighted avg       0.98      0.98      0.98       900

              precision    recall  f1-score   support

           0       1.00      0.96      0.98        50
           2       1.00      1.00      1.00         5
           3       0.96      1.00      0.98        24
           4       1.00      0.97      0.99        38
           5       1.00      0.89      0.94        63
           6       1.00      1.00      1.00         3
           7       0.99      1.00      0.99       717

    accuracy                           0.99       900
   macro avg       0.99      0.97      0.98       900
weighted avg       0.99      0.99      0.99       900

              precision    recall  f1-score   support

           0       1.00      1.00      1.00        50
           2       1.00      1.00      1.00         5
           3       1.00      0.96      0.98        24
           4       0.97      1.00      0.99        38
           5       0.98      0.95      0.97        63
           6       1.00      1.00      1.00         3
           7       1.00      1.00      1.00       717

    accuracy                           0.99       900
   macro avg       0.99      0.99      0.99       900
weighted avg       0.99      0.99      0.99       900

              precision    recall  f1-score   support

           0       1.00      0.98      0.99        50
           2       1.00      1.00      1.00         5
           3       0.96      0.96      0.96        24
           4       0.97      0.92      0.95        38
           5       0.97      0.94      0.95        63
           6       1.00      1.00      1.00         3
           7       0.99      1.00      1.00       717

    accuracy                           0.99       900
   macro avg       0.98      0.97      0.98       900
weighted avg       0.99      0.99      0.99       900

