              precision    recall  f1-score   support

           0       1.00      0.99      1.00       388
           1       1.00      1.00      1.00        37
           2       0.99      0.97      0.98       185
           3       0.98      0.99      0.98       284
           4       0.97      0.95      0.96       482
           5       1.00      0.83      0.91        24
           6       0.99      1.00      1.00      5452
           7       0.00      0.00      0.00         0

    accuracy                           0.99      6852
   macro avg       0.87      0.84      0.85      6852
weighted avg       0.99      0.99      0.99      6852

