              precision    recall  f1-score   support

           0       1.00      0.93      0.97        15
           2       0.00      0.00      0.00         1
           3       1.00      1.00      1.00         6
           4       0.91      1.00      0.95        10
           5       1.00      0.89      0.94        19
           6       1.00      1.00      1.00         1
           7       0.99      1.00      0.99       198

    accuracy                           0.98       250
   macro avg       0.84      0.83      0.84       250
weighted avg       0.98      0.98      0.98       250

