              precision    recall  f1-score   support

           0       1.00      1.00      1.00        13
           2       1.00      1.00      1.00         1
           3       1.00      0.83      0.91         6
           4       0.90      1.00      0.95         9
           5       1.00      0.88      0.94        17
           6       0.00      0.00      0.00         1
           7       0.98      1.00      0.99       178

    accuracy                           0.98       225
   macro avg       0.84      0.82      0.83       225
weighted avg       0.98      0.98      0.98       225

              precision    recall  f1-score   support

           0       1.00      0.92      0.96        13
           2       1.00      1.00      1.00         1
           3       1.00      0.67      0.80         6
           4       0.82      1.00      0.90         9
           5       0.94      0.88      0.91        17
           6       0.00      0.00      0.00         1
           7       0.98      0.99      0.99       178

    accuracy                           0.97       225
   macro avg       0.82      0.78      0.79       225
weighted avg       0.97      0.97      0.97       225

              precision    recall  f1-score   support

           0       1.00      1.00      1.00        13
           2       1.00      1.00      1.00         1
           3       1.00      1.00      1.00         6
           4       1.00      1.00      1.00         9
           5       1.00      0.88      0.94        17
           6       0.00      0.00      0.00         1
           7       0.98      1.00      0.99       178

    accuracy                           0.99       225
   macro avg       0.85      0.84      0.85       225
weighted avg       0.98      0.99      0.98       225

              precision    recall  f1-score   support

           0       1.00      1.00      1.00        13
           2       1.00      1.00      1.00         1
           3       1.00      0.83      0.91         6
           4       0.90      1.00      0.95         9
           5       1.00      0.88      0.94        17
           6       0.00      0.00      0.00         1
           7       0.98      1.00      0.99       178

    accuracy                           0.98       225
   macro avg       0.84      0.82      0.83       225
weighted avg       0.98      0.98      0.98       225

              precision    recall  f1-score   support

           0       1.00      1.00      1.00        13
           2       0.00      0.00      0.00         1
           3       1.00      1.00      1.00         6
           4       0.90      1.00      0.95         9
           5       1.00      0.94      0.97        17
           6       0.00      0.00      0.00         1
           7       0.99      1.00      0.99       178

    accuracy                           0.99       225
   macro avg       0.70      0.71      0.70       225
weighted avg       0.98      0.99      0.98       225

              precision    recall  f1-score   support

           0       1.00      1.00      1.00        13
           2       1.00      1.00      1.00         1
           3       1.00      1.00      1.00         6
           4       1.00      1.00      1.00         9
           5       0.94      0.88      0.91        17
           6       0.00      0.00      0.00         1
           7       0.98      0.99      0.99       178

    accuracy                           0.98       225
   macro avg       0.85      0.84      0.84       225
weighted avg       0.98      0.98      0.98       225

              precision    recall  f1-score   support

           0       1.00      1.00      1.00        13
           2       0.00      0.00      0.00         1
           3       1.00      0.83      0.91         6
           4       0.80      0.89      0.84         9
           5       1.00      0.82      0.90        17
           6       0.00      0.00      0.00         1
           7       0.97      1.00      0.99       178

    accuracy                           0.97       225
   macro avg       0.68      0.65      0.66       225
weighted avg       0.96      0.97      0.96       225

              precision    recall  f1-score   support

           0       1.00      1.00      1.00        13
           2       1.00      1.00      1.00         1
           3       0.83      0.83      0.83         6
           4       0.89      0.89      0.89         9
           5       1.00      0.76      0.87        17
           6       1.00      1.00      1.00         1
           7       0.98      1.00      0.99       178

    accuracy                           0.97       225
   macro avg       0.96      0.93      0.94       225
weighted avg       0.97      0.97      0.97       225

              precision    recall  f1-score   support

           0       1.00      1.00      1.00        13
           2       0.00      0.00      0.00         1
           3       1.00      1.00      1.00         6
           4       0.90      1.00      0.95         9
           5       1.00      0.88      0.94        17
           6       0.00      0.00      0.00         1
           7       0.98      1.00      0.99       178

    accuracy                           0.98       225
   macro avg       0.70      0.70      0.70       225
weighted avg       0.97      0.98      0.98       225

              precision    recall  f1-score   support

           0       1.00      1.00      1.00        13
           2       1.00      1.00      1.00         1
           3       1.00      1.00      1.00         6
           4       1.00      1.00      1.00         9
           5       1.00      0.76      0.87        17
           6       1.00      1.00      1.00         1
           7       0.98      1.00      0.99       178

    accuracy                           0.98       225
   macro avg       1.00      0.97      0.98       225
weighted avg       0.98      0.98      0.98       225

