              precision    recall  f1-score   support

           0       1.00      1.00      1.00       146
           1       0.98      1.00      0.99        55
           2       1.00      1.00      1.00        10
           3       1.00      1.00      1.00         7
           4       1.00      1.00      1.00        13
           5       1.00      1.00      1.00        26
           6       1.00      0.99      1.00       135
           7       1.00      1.00      1.00        21

    accuracy                           1.00       413
   macro avg       1.00      1.00      1.00       413
weighted avg       1.00      1.00      1.00       413

              precision    recall  f1-score   support

           0       0.99      1.00      1.00       146
           1       1.00      0.98      0.99        55
           2       1.00      1.00      1.00        10
           3       1.00      0.86      0.92         7
           4       1.00      1.00      1.00        13
           5       1.00      1.00      1.00        26
           6       0.99      1.00      1.00       135
           7       1.00      1.00      1.00        21

    accuracy                           1.00       413
   macro avg       1.00      0.98      0.99       413
weighted avg       1.00      1.00      1.00       413

              precision    recall  f1-score   support

           0       0.99      0.99      0.99       146
           1       1.00      1.00      1.00        55
           2       1.00      1.00      1.00        10
           3       0.86      0.86      0.86         7
           4       1.00      1.00      1.00        13
           5       0.96      1.00      0.98        26
           6       1.00      1.00      1.00       135
           7       1.00      0.95      0.98        21

    accuracy                           0.99       413
   macro avg       0.98      0.98      0.98       413
weighted avg       0.99      0.99      0.99       413

              precision    recall  f1-score   support

           0       0.99      0.99      0.99       146
           1       1.00      1.00      1.00        55
           2       1.00      1.00      1.00        10
           3       1.00      0.86      0.92         7
           4       0.93      1.00      0.96        13
           5       1.00      0.96      0.98        26
           6       1.00      1.00      1.00       135
           7       1.00      1.00      1.00        21

    accuracy                           0.99       413
   macro avg       0.99      0.98      0.98       413
weighted avg       0.99      0.99      0.99       413

              precision    recall  f1-score   support

           0       1.00      1.00      1.00       146
           1       1.00      1.00      1.00        55
           2       1.00      0.90      0.95        10
           3       1.00      0.86      0.92         7
           4       1.00      1.00      1.00        13
           5       0.96      1.00      0.98        26
           6       0.99      1.00      1.00       135
           7       1.00      1.00      1.00        21

    accuracy                           1.00       413
   macro avg       0.99      0.97      0.98       413
weighted avg       1.00      1.00      1.00       413

              precision    recall  f1-score   support

           0       0.99      1.00      1.00       146
           1       0.98      1.00      0.99        55
           2       1.00      1.00      1.00        10
           3       1.00      1.00      1.00         7
           4       1.00      0.85      0.92        13
           5       0.96      1.00      0.98        26
           6       1.00      0.99      1.00       135
           7       1.00      1.00      1.00        21

    accuracy                           0.99       413
   macro avg       0.99      0.98      0.99       413
weighted avg       0.99      0.99      0.99       413

              precision    recall  f1-score   support

           0       1.00      1.00      1.00       146
           1       0.98      0.98      0.98        55
           2       1.00      0.90      0.95        10
           3       1.00      1.00      1.00         7
           4       1.00      1.00      1.00        13
           5       1.00      1.00      1.00        26
           6       0.99      0.99      0.99       135
           7       1.00      1.00      1.00        21

    accuracy                           0.99       413
   macro avg       1.00      0.98      0.99       413
weighted avg       0.99      0.99      0.99       413

              precision    recall  f1-score   support

           0       0.99      1.00      0.99       146
           1       1.00      0.98      0.99        55
           2       1.00      1.00      1.00        10
           3       1.00      0.71      0.83         7
           4       1.00      0.92      0.96        13
           5       0.96      1.00      0.98        26
           6       0.99      1.00      1.00       135
           7       1.00      1.00      1.00        21

    accuracy                           0.99       413
   macro avg       0.99      0.95      0.97       413
weighted avg       0.99      0.99      0.99       413

              precision    recall  f1-score   support

           0       0.98      1.00      0.99       146
           1       1.00      1.00      1.00        55
           2       1.00      1.00      1.00        10
           3       1.00      0.71      0.83         7
           4       1.00      0.85      0.92        13
           5       0.96      1.00      0.98        26
           6       1.00      1.00      1.00       135
           7       1.00      1.00      1.00        21

    accuracy                           0.99       413
   macro avg       0.99      0.95      0.97       413
weighted avg       0.99      0.99      0.99       413

              precision    recall  f1-score   support

           0       1.00      1.00      1.00       146
           1       1.00      1.00      1.00        55
           2       0.91      1.00      0.95        10
           3       1.00      1.00      1.00         7
           4       1.00      1.00      1.00        13
           5       1.00      1.00      1.00        26
           6       1.00      0.99      1.00       135
           7       1.00      1.00      1.00        21

    accuracy                           1.00       413
   macro avg       0.99      1.00      0.99       413
weighted avg       1.00      1.00      1.00       413

