              precision    recall  f1-score   support

           0       1.00      1.00      1.00       181
           1       1.00      0.98      0.99        43
           2       1.00      0.92      0.96        13
           3       1.00      1.00      1.00         8
           4       0.92      1.00      0.96        11
           5       1.00      0.95      0.97        20
           6       0.99      1.00      0.99       166
           7       1.00      1.00      1.00        16

    accuracy                           0.99       458
   macro avg       0.99      0.98      0.98       458
weighted avg       0.99      0.99      0.99       458

