              precision    recall  f1-score   support

           0       1.00      1.00      1.00       388
           1       0.97      1.00      0.99        37
           2       0.99      0.97      0.98       185
           3       0.99      0.99      0.99       284
           4       0.97      0.96      0.96       482
           5       0.96      0.96      0.96        24
           6       1.00      1.00      1.00      5332
           7       0.00      0.00      0.00         0

    accuracy                           0.99      6732
   macro avg       0.86      0.86      0.86      6732
weighted avg       0.99      0.99      0.99      6732

