              precision    recall  f1-score   support

           0       1.00      1.00      1.00       349
           1       1.00      0.97      0.99        34
           2       1.00      0.95      0.98       166
           3       0.97      0.99      0.98       256
           4       0.98      0.94      0.96       434
           5       1.00      0.86      0.92        21
           6       0.99      1.00      1.00      4799
           7       0.00      0.00      0.00         0

    accuracy                           0.99      6059
   macro avg       0.87      0.84      0.85      6059
weighted avg       0.99      0.99      0.99      6059

              precision    recall  f1-score   support

           0       1.00      0.99      1.00       349
           1       1.00      1.00      1.00        34
           2       0.99      0.94      0.96       166
           3       0.96      0.98      0.97       256
           4       0.98      0.96      0.97       434
           5       0.95      0.95      0.95        21
           6       1.00      1.00      1.00      4799
           7       0.00      0.00      0.00         0

    accuracy                           0.99      6059
   macro avg       0.86      0.85      0.86      6059
weighted avg       0.99      0.99      0.99      6059

              precision    recall  f1-score   support

           0       1.00      1.00      1.00       349
           1       1.00      0.97      0.99        34
           2       0.99      0.98      0.98       166
           3       0.98      0.97      0.98       256
           4       0.97      0.97      0.97       434
           5       0.94      0.76      0.84        21
           6       1.00      1.00      1.00      4799
           7       0.00      0.00      0.00         0

    accuracy                           0.99      6059
   macro avg       0.86      0.83      0.84      6059
weighted avg       0.99      0.99      0.99      6059

              precision    recall  f1-score   support

           0       1.00      0.99      1.00       349
           1       1.00      1.00      1.00        34
           2       0.96      0.96      0.96       166
           3       0.97      0.96      0.96       256
           4       0.98      0.95      0.97       434
           5       1.00      0.76      0.86        21
           6       0.99      1.00      1.00      4799
           7       0.00      0.00      0.00         0

    accuracy                           0.99      6059
   macro avg       0.86      0.83      0.84      6059
weighted avg       0.99      0.99      0.99      6059

              precision    recall  f1-score   support

           0       1.00      1.00      1.00       349
           1       1.00      0.94      0.97        34
           2       1.00      0.98      0.99       166
           3       0.98      0.99      0.98       256
           4       0.98      0.97      0.97       434
           5       1.00      0.95      0.98        21
           6       1.00      1.00      1.00      4799

    accuracy                           0.99      6059
   macro avg       0.99      0.97      0.98      6059
weighted avg       0.99      0.99      0.99      6059

              precision    recall  f1-score   support

           0       1.00      1.00      1.00       349
           1       1.00      1.00      1.00        34
           2       1.00      0.95      0.97       166
           3       0.97      0.99      0.98       256
           4       0.98      0.96      0.97       434
           5       1.00      0.81      0.89        21
           6       1.00      1.00      1.00      4799
           7       0.00      0.00      0.00         0

    accuracy                           0.99      6059
   macro avg       0.87      0.84      0.85      6059
weighted avg       0.99      0.99      0.99      6059

              precision    recall  f1-score   support

           0       1.00      1.00      1.00       349
           1       1.00      0.97      0.99        34
           2       0.98      0.96      0.97       166
           3       0.98      0.98      0.98       256
           4       0.97      0.97      0.97       434
           5       0.94      0.81      0.87        21
           6       1.00      1.00      1.00      4799

    accuracy                           0.99      6059
   macro avg       0.98      0.95      0.97      6059
weighted avg       0.99      0.99      0.99      6059

              precision    recall  f1-score   support

           0       0.99      1.00      0.99       349
           1       1.00      0.97      0.99        34
           2       1.00      0.99      0.99       166
           3       0.99      1.00      0.99       256
           4       0.98      0.96      0.97       434
           5       1.00      0.95      0.98        21
           6       1.00      1.00      1.00      4799

    accuracy                           0.99      6059
   macro avg       0.99      0.98      0.99      6059
weighted avg       0.99      0.99      0.99      6059

              precision    recall  f1-score   support

           0       1.00      1.00      1.00       349
           1       1.00      0.94      0.97        34
           2       0.99      0.94      0.97       166
           3       0.96      1.00      0.98       256
           4       0.98      0.94      0.96       434
           5       0.95      0.90      0.93        21
           6       0.99      1.00      1.00      4799
           7       0.00      0.00      0.00         0

    accuracy                           0.99      6059
   macro avg       0.86      0.84      0.85      6059
weighted avg       0.99      0.99      0.99      6059

              precision    recall  f1-score   support

           0       1.00      1.00      1.00       349
           1       1.00      1.00      1.00        34
           2       0.99      0.98      0.98       166
           3       0.98      0.98      0.98       256
           4       0.99      0.95      0.97       434
           5       1.00      0.95      0.98        21
           6       1.00      1.00      1.00      4799
           7       0.00      0.00      0.00         0

    accuracy                           0.99      6059
   macro avg       0.87      0.86      0.86      6059
weighted avg       0.99      0.99      0.99      6059

